62 69
176 202
204 215
230 233
265 268
363 364
397 483
542 578
551 578
561 578
577 578
619 631
664 693
670 693
729 736
827 833
1067 1068
1130 1141
1192 1195
1237 1238
1240 1253
1452 1456
1585 1603
1647 1648
1673 1674
1788 1794
1797 1802
1918 1923
1925 1929
1936 1937
1963 1978
1980 1981
2007 2016
2036 2037
2131 2132
2246 2247
2368 2369
2373 2377
2391 2416
2507 2516
2594 2595
2603 2604
2606 2609
2624 2634
2692 2693
2750 2762
2794 2807
2863 2866
2898 2912
2915 2978
2936 2978
3005 3019
3027 3031
3046 3047
3054 3079
3090 3091
3289 3292
3378 3383
3560 3565
3648 3649
3753 3754
3781 3812
3815 3816
3829 3857
3964 3975
4004 4005
4060 4076
4095 4172
4322 4323
4520 4525
4527 4530
4660 4679
4693 4748
4700 4748
4747 4748
4804 4815
4825 4842
4834 4842
4859 4864
4863 4864
4898 4899
4979 4991
4996 4997
5091 5092
5098 5114
5148 5167
5166 5167
5196 5197
5321 5335
5648 5658
5660 5693
5791 5792
5839 5840
5891 5892
5912 5922
6115 6135
6137 6149
6199 6206
6262 6263
6265 6271
6343 6363
6349 6363
6362 6363
6375 6390
6465 6466
6572 6578
6580 6623
6634 6674
6783 6786
6818 6826
6857 6858
7142 7143
7220 7221
7223 7236
7295 7313
7486 7509
7605 7608
7636 7640
7664 7671
7922 7939
8041 8045
8084 8088
8133 8138
8142 8153
8193 8196
8258 8268
8504 8512
8558 8561
8569 8574
8573 8574
8631 8641
8640 8641
8643 8644
8679 8694
8693 8694
8722 8739
8786 8789
8864 8865
8887 8917
9037 9042
9069 9073
9075 9082
9125 9132
9138 9155
9261 9294
9271 9294
9297 9298
9420 9421
9443 9444
9535 9538
9556 9557
9580 9593
9617 9618
9783 9786
9822 9829
9962 9972
9997 10019
10046 10065
10094 10104
10119 10128
10137 10187
10202 10203
10364 10370
10402 10403
10405 10426
10498 10499
10509 10523
10533 10537
10587 10635
10591 10635
10673 10680
10744 10754
10868 10874
10902 10911
10919 10925
11036 11037
11059 11078
11071 11078
11092 11104
11176 11177
11179 11192
11217 11236
11283 11308
11299 11308
11414 11415
11578 11579
11607 11625
11617 11625
11648 11652
11699 11700
11717 11724
11729 11749
11738 11749
11806 11809
11942 11970
11951 11970
12032 12033
12060 12061
12210 12211
12220 12225
12274 12282
12359 12372
12435 12451
12470 12479
12579 12610
12612 12616
12702 12715
12733 12734
12755 12770
12796 12797
12963 12979
12976 12979
12981 12995
13167 13168
13174 13177
13233 13245
13304 13307
13332 13347
13377 13390
13419 13428
13430 13444
13441 13444
13549 13552
13554 13558
13562 13563
13567 13574
13596 13624
13607 13624
13626 13627
13678 13692
13757 13762
13766 13777
13786 13789
13799 13807
13816 13817
13846 13851
13959 13970
14014 14018
14032 14033
14126 14130
14148 14153
14206 14225
14220 14225
14375 14379
14418 14419
14459 14460
14536 14557
14576 14580
14585 14601
14660 14678
14746 14747
14819 14829
14855 14856
14874 14891
14946 14959
14981 14982
15376 15379
15397 15409
15444 15475
15535 15564
15542 15564
15582 15587
15665 15668
15694 15697
15744 15745
15794 15795
15843 15901
15875 15901
16017 16020
16038 16069
16063 16069
16123 16149
16133 16149
16165 16170
16216 16223
16352 16383
16468 16483
16629 16630
16636 16684
16664 16684
17267 17271
17354 17358
17360 17365
17372 17407
17399 17407
17416 17417
17455 17489
17494 17501
17647 17675
17777 17778
17780 17792
17857 17895
17875 17895
17944 17955
17984 17985
17987 17988
18032 18048
18112 18116
18133 18153
18325 18326
18382 18383
18439 18451
18445 18451
18578 18587
18641 18647
18734 18749
18738 18749
18744 18749
19006 19035
19046 19047
19102 19122
19110 19122
19332 19333
19356 19366
19363 19366
19393 19397
19415 19416
19430 19431
19481 19485
19531 19550
19608 19616
19656 19657
19672 19673
19702 19738
19725 19738
19820 19838
19826 19838
19938 19939
20181 20201
20200 20201
20262 20268
20297 20311
20339 20340
20372 20373
20409 20410
20462 20474
20501 20505
20509 20525
20767 20768
20843 20870
20906 20930
20939 20947
20953 20969
20988 21005
21064 21065
21080 21098
21128 21152
21144 21152
21173 21188
21178 21188
21217 21218
21240 21245
21250 21251
21255 21256
21407 21416
21476 21477
21481 21482
21511 21517
21543 21544
21589 21607
21649 21658
21660 21663
21839 21840
21911 21916
21980 21981
22031 22032
22077 22078
22089 22099
22131 22154
22135 22154
22168 22171
22247 22277
22265 22277
22418 22419
22440 22447
22469 22470
22472 22493
22483 22493
22566 22579
22597 22598
22646 22668
22700 22701
22705 22709
22861 22866
22994 22995
23060 23066
23170 23174
23262 23263
23413 23432
23467 23471
23573 23642
23658 23669
23676 23679
23762 23765
23879 23915
24007 24019
24094 24113
24123 24130
24176 24188
24183 24188
24325 24332
24423 24427
24599 24613
24689 24693
24697 24716
24785 24801
24798 24801
24807 24808
24869 24876
24880 24905
24907 24923
25007 25013
25123 25133
25137 25154
25272 25282
25444 25451
25494 25553
25565 25569
25573 25576
25784 25800
25810 25823
25816 25823
25845 25846
25861 25870
25997 26003
26157 26162
26195 26205
26254 26270
26289 26290
26365 26368
26389 26399
26436 26441
26503 26516
26518 26534
26807 26863
26880 26883
26924 26927
26953 26966
26998 26999
27305 27326
27341 27348
27445 27446
27512 27522
27556 27557
27605 27610
27790 27794
27835 27838
27875 27878
27895 27896
28025 28036
28031 28036
28142 28150
28202 28211
28213 28229
28255 28259
28332 28349
28345 28349
28386 28399
28450 28509
28473 28509
28491 28509
28520 28531
28646 28647
28662 28663
28675 28676
28798 28806
28929 28964
28935 28964
29000 29001
29035 29050
29093 29105
29116 29117
29142 29147
29210 29211
29235 29284
29307 29308
29353 29384
29388 29389
29394 29395
29425 29426
29502 29506
29670 29676
29678 29679
29794 29805