28 44
188 189
335 345
372 483
414 483
482 483
510 558
531 558
642 658
651 658
719 747
734 747
884 891
893 913
915 916
1059 1071
1079 1120
1097 1120
1233 1234
1277 1308
1283 1308
1307 1308
1316 1377
1325 1377
1349 1377
1454 1479
1545 1639
1550 1639
1671 1672
1674 1743
1706 1743
1869 1882
1875 1882
2025 2137
2090 2137
2115 2137
2148 2149
2205 2212
2214 2215
2222 2223
2285 2286
2321 2350
2349 2350
2363 2377
2367 2377
2475 2545
2489 2545
2547 2548
2568 2581
2583 2584
2589 2604
2622 2626
2628 2629
2652 2677
2718 2731
2730 2731
2779 2787
2799 2804
2812 2836
2835 2836
2851 2869
2881 2902
2899 2902
3048 3049
3066 3085
3120 3127
3126 3127
3130 3131
3154 3155
3177 3256
3249 3256
3258 3259
3304 3305
3474 3475
3481 3491
3732 3733
3862 3863
3867 3871
3925 3926
3994 3998
4006 4049
4071 4084
4080 4084
4159 4183
4180 4183
4291 4309
4324 4325
4327 4328
4632 4639
4714 4727
4726 4727
4729 4730
4749 4754
4840 4877
5001 5002
5004 5005
5057 5076
5075 5076
5086 5097
5096 5097
5127 5133
5213 5214
5241 5314
5286 5314
5371 5414
5413 5414
5417 5471
5485 5486
5503 5526
5529 5530
5536 5544
5568 5601
5626 5635
5802 5803
5847 5848
6006 6007
6137 6169
6263 6264
6303 6319
6350 6374
6480 6490
6499 6500
6505 6506
6592 6632
6648 6654
6653 6654
6678 6694
6702 6715
6714 6715
6765 6766
6852 6855
6867 6874
6975 6978
7011 7030
7029 7030
7050 7164
7085 7164
7257 7258
7347 7348
7364 7365
7410 7473
7491 7497
7503 7504
7567 7594
7650 7657
7768 7769
7777 7778
7802 7803
7806 7816
7839 7842
7935 7936
7956 7985
7984 7985
8065 8066
8083 8137
8236 8237
8305 8306
8327 8355
8393 8394
8396 8471
8528 8544
8543 8544
8597 8607
8888 8889
8902 8919
9103 9110
9169 9170
9304 9305
9393 9398
9449 9450
9491 9492
9496 9497
9560 9575
9589 9603
9610 9668